4.0531705582153235
3.6485741798247813
1.067470105295095
0.3362719211038703
0.8193885501837537
7.146320746181061
5.504322612656004
6.574204573649812
1.8937308671562536
8.645775146068214
8.836310341108646
0.43989729718261417
3.287237946840019
0.4234016163185641
3.9641463399341585
2.805098216603214
2.585977490539709
1.65547516231728
4.66876501858053
0.437695645098958
0.49423647198528203
2.22593920863464
4.59457693899209
3.975675301517338
5.840640556381058
8.442514474451555
4.311940548867419
9.130978033641645
8.948760775067305
2.2029721593223797
5.786974320439542
3.0339815598741136
6.097773564786173
1.8465600209606325
7.689378557964514
1.6082690349286768
6.675125039669508
9.700971288038453
6.132612989010531
3.51867664773819
0.06469016673767375
9.399175768155057
6.4910190783301855
3.6880379441401687
5.152944681516508
4.265177898190015
6.157596443456346
0.23094299788466244
3.5845657380253284
0.5499344134797487
0.5575402482855092
0.9053349035675827
0.7375773410555216
1.1677202541942076
6.792344658783865
0.7144294966462913
2.5639249857810698
4.199680487618567
4.585264782093393
1.2398695668937711
2.579220732332973
5.7253529871807265
3.6786892000990536
2.3696220825702583
4.109136929182672
0.2781546884680378
8.054850004014305
1.5907122010155352
7.778265929857496
1.2280550852622216
2.2729055788482264
3.783847230012487
6.327726476815303
1.907418588315338
2.00900166189207
6.648152347744187
7.689122112294405
6.659318518885848
8.992861508457972
8.898394982979438
6.834997703400755
4.216875350295007
2.0248992159756147
0.6219626042636927
3.8477361725297845
0.38682173053824814
0.4808352059451111
2.1141672571427526
3.6779786252653217
3.0698182862404955
6.302698266694248
4.438048510623079
0.5975218459477006
3.611657889640634
3.212187279294945
3.762595502155115
3.5189876967072498
7.04294273893481
9.176073527388688
6.733061648101342